175.7720565795898
115.31967067718507
167.5686874389649
116.77598381042478
93.48748254776002
104.99520683288574
138.90246963500974
107.84471797943115
117.13847160339361
103.0743589401245
52.65793228149414
57.16979312896727
57.184383392333935
25.3227334022522
28.548501014709473
55.53044414520259
96.87376594543453
65.9206657409668
136.48740100860599
156.38846492767334
110.04904079437256
152.21419334411618
152.07716083526608
156.562349319458
160.15883064270022
166.59130573272705
118.3314228057861
116.20604324340816
166.91496753692627
237.81083297729498
250.9232177734375
156.53994369506833
113.40443897247316
195.46514129638672
116.24835777282718
112.64284515380857
117.74779224395758
117.40491390228269
115.83413314819336
116.50319051742555
117.51906967163083
117.88534164428708
115.34381008148195
117.20586299896237
118.64475917816164
204.23886966705317
206.02048397064215
198.98513674736023
180.00789356231695
176.40983647108078
200.43456202745432
204.9649577140808
272.0473937988281
209.4218406677246
205.0229339599609
213.6212158203125
203.4307098388672
218.4720916748047
205.70257186889648
258.53153991699213
255.39453887939453
242.7874145507813
237.8203582763671
258.3979644775391
282.2993240356446
297.6990203857422
261.4646682739258
160.219774723053
203.4507184028626
199.1923599243164
199.50872325897217
157.01312398910522
169.35022830963135
203.73478603363037
257.79427337646484
234.89171600341788
185.18736457824707
253.63453674316412
258.6519050598144
263.28403091430664
257.1863059997559
220.6062622070313
115.25843238830565
116.19036006927493
115.59324550628665
119.22179603576657
117.67610931396484
116.58910131454465
117.74099159240724
196.5309476852417
196.44417667388916
116.91489601135251
260.3522415161133
198.91221332550046
206.4408674240112
263.98241424560547
209.4309349060058
205.21795463562006
259.8992309570313
206.8840456008911
204.68173551559443
262.536521911621
259.3619842529296
264.5773696899414
268.8285598754883
261.21273803710926
261.8881607055664
254.6736755371094
253.4537200927734
258.7906608581543
247.3853225708008
246.050880432129
175.0317583084106
203.3452544212342
209.2587127685547
286.313331604004
224.44076919555658
200.0444507598877
258.70272827148426
211.8882942199707
251.4044189453125
251.1828498840332
251.78419494628912
273.179931640625
293.6126098632813
194.25242424011236
275.4616928100586
282.33265686035156
277.1613998413086
276.2780456542969
147.36535358428955
164.75455427169805
173.10154819488525
107.49808359146121
275.5659790039062
298.45648193359375
284.0049667358398
279.6833267211914
291.4187469482421
365.16940307617153
364.95523071289085
369.74710083007767
295.3260269165039
293.2290496826172
292.6202468872071
297.3098983764648
298.2716293334961
272.4082336425781
276.6657180786133
290.6692810058594
286.5094375610351
281.4419326782226
282.7926788330079
280.5132369995117
291.6333160400391
289.8149719238281
295.2597045898438
296.3362503051758
297.4264144897461
288.6699676513673
293.4865951538086
296.7562484741211
295.6338577270508
295.9724960327148
296.035987854004
295.24132537841797
296.9473266601563
287.2275924682617
287.2789001464844
281.65478515625
297.2342071533203
277.8433990478516
273.60908508300787
275.6209030151367
258.0956039428712
264.1979446411133
282.90950775146484
295.7946472167969
274.0997314453125
283.8033981323242
265.26042938232433
486.08530426025374
289.1232528686524
284.7119827270508
293.9602966308594
203.5641660690308
283.6149826049804
261.9978103637695
236.25718307495112
116.80645847320558
177.84989738464355
110.91185379028325
165.03676748275763
169.7613410949707
251.0348663330078
201.1106843948364
202.14766407012937
199.03470420837402
289.9465408325196
298.23728942871094
298.64926147460926
354.1620407104493
248.89332580566412
245.8299942016602
214.2910575866699
193.80123710632319
260.9148406982422
164.74146366119385
176.3261899948121
185.89944553375244
165.5869107246399
118.93777656555173
228.376350402832
219.4303779602051
240.3266525268555
162.65235805511477
118.04533195495605
116.35665893554686
198.36888599395752
181.3257579803467
113.5212383270264
118.32544231414792
118.53280353546144
117.41643905639654
115.77534008026123
119.51367568969724
103.5782079696655
118.5627164840698
117.42631816864014
179.72004795074463
117.71754932403562
118.80204010009763
117.54928970336915
113.88511419296262
118.75607013702394
117.31651496887204
109.8516931533813
119.38118267059323
117.23753738403317
115.28809547424314
158.68322086334229
211.74951934814462
170.7724180221557
116.58901119232183
116.451621055603
109.67460441589351
117.0006246566773
114.82382678985599
115.91279649734494
116.99389171600347
115.35494327545165
114.56043338775638
114.1219596862793
112.92610454559325
117.81873035430914
116.23923778533941
246.84939575195318
118.99555110931398
118.31525039672853
118.2987842559815
114.03951358795163
115.09491920471187
118.51135540008546
114.0554904937744
117.4870357513428
116.28628253936768
118.27276229858404
115.89942646026606
115.91535186767575
115.60971736907956
115.72137260437012
116.4869642257691
115.08063983917236
117.35399913787842
116.32715702056882
116.10675811767584
117.94653701782232
118.94455432891843
118.83163452148439
115.18149089813228
118.07661056518555
117.05434322357179
119.00830554962161
118.63776969909665
118.09472179412847
115.57980060577393
117.32357788085936
118.41409015655523
118.48034191131589
117.84762191772458
116.82113695144655
118.73503494262692
113.66279983520504
116.51811408996585
117.92766475677496
118.07948875427243
118.75164318084718
119.81736946105954
118.05170440673834
115.91727256774898
118.11022281646734
106.24113845825197
117.06535339355466
116.63809871673583
118.28048038482672
115.93440628051754
118.31822109222414
114.51518917083744
114.9471874237061
116.73025608062743
119.0621881484985
115.85538673400882
105.71606922149654
114.49385738372806
109.82620525360105
119.05912494659421
118.45604324340822
117.11605930328368
118.15235900878912
117.24700355529784
118.49329090118405
117.38792514801024
111.04368877410887
111.28538894653316
115.34384632110596
118.56790256500241
115.78455162048343
117.14823818206786
112.49237251281741
109.6302933692932
118.32106971740728
113.27266120910642
117.30316352844237
114.86048412322994
114.33200073242183
117.16800785064696
113.78473472595218
117.71338939666751
117.24167633056638
118.00958061218263
115.06910514831539
115.7540130615234
112.04824161529535
112.3869671821594
118.34131717681882
118.66099834442136
117.41745662689215
116.97034168243405
118.92350292205808
117.51736736297609
115.23664665222171
117.34430313110357
117.31202983856198
118.14158248901373
117.7992200851441
117.73110961914064
113.21699428558354
117.15912246704103
119.2541170120239
118.91839122772218
116.91176939010617
112.87788009643553
119.65196228027341
114.54936456680299
114.69491767883304
113.60489273071286
119.56568431854245
117.79102993011476
115.09684753417969
119.05309581756589
117.38465690612794
114.61342334747312
115.16368675231934
116.38716220855716
104.88155841827397
114.36267471313481
116.6487579345703
115.40675830841064
111.16466236114496
118.94624805450435
106.97445297241215
118.1359243392944
148.1396198272705
116.08839511871335
117.2164707183838
117.74664211273193
111.85937261581421
165.37415218353271
116.77344512939456
115.76367664337161
193.649398803711
136.25772571563718
180.658073425293
146.0734720230103
113.36801433563235
156.57412815093988
115.48264455795291
118.21907615661618
201.2868690490722
160.1305513381958
162.69708251953125
162.2912321090698
167.05051326751703
164.0299406051636
89.62851524353029
85.15332984924314
74.60720348358151
157.5712633132935
115.0344591140747
113.93872499465941
97.69749736785887
156.18330192565918
96.66260051727292
202.53662109375
88.72927474975585
86.5530185699463
118.70701026916501
170.2170410156251
118.60004997253421
117.81997013092044
116.77523803710939
194.9715461730957
118.08080291748053
114.48413467407231
141.2227206230163
167.5116367340088
118.28820800781251
117.985068321228
116.7772245407105
116.50693702697751
169.49255800247204
169.1918106079101
215.1506309509277
176.72599315643316
174.95718193054194
167.03052854537958
165.3634433746338
164.98574829101562
170.65453433990479
170.88503456115723
213.5873298645019
116.80052375793458
114.0223870277405
117.46888542175294
172.65410041809088
166.55793476104728
164.7445216178894
171.33969068527222
115.68308544158941
117.26246356964108
167.98819637298578
159.40384578704828
86.17988872528076
156.5215711593628
116.79584884643552
247.42683410644543
172.11125993728638
233.707504272461
231.38648986816398
225.26258468627918
230.21952438354492
175.92738246917725
154.3459267616272
247.76508331298834
229.2410736083984
227.9663200378418
252.2723846435547
222.4664916992188
268.391716003418
230.6314163208008
230.8233070373535
248.09834289550787
286.4915390014648
265.9022064208984
263.123878479004
237.2194137573242
168.9837827682495
243.25381469726562
266.1410522460938
246.23097229003912
296.9961700439453
292.6277542114258
298.82115173339844
298.4308776855469
264.87830352783203
267.9217224121094
293.2532730102539
296.90674591064453
297.9387969970703
297.130615234375
186.16109752655024
266.8798141479492
296.8252258300781
293.4111099243164
279.42042541503895
293.2377166748047
294.35311889648426
295.7346191406249
292.0325088500976
296.3629760742187
298.0711135864258
284.5129852294922
255.5415344238281
243.11360168457028
266.2575912475586
296.4627227783203
296.5397491455078
292.2773971557616
296.9891967773438
296.4074249267579
296.88823699951166
292.8634414672852
299.4073257446289
292.7507095336915
294.4178237915038
289.215950012207
290.8741607666015
291.89156341552734
294.8265762329102
298.8319473266602
296.4824600219726
299.2289276123047
294.2973175048828
296.3541412353516
272.2373275756836
253.102554321289
298.5866470336913
298.6100234985351
276.4450225830078
251.789867401123
263.4527435302734
268.8078002929688
280.50314331054676
298.39192962646484
296.9519500732421
287.53714752197266
296.9609909057617
297.0887069702149
296.4613037109375
265.4941864013672
256.6484260559081
297.1693649291992
297.9967498779296
294.2566604614258
299.18656158447266
295.8403854370117
299.04480743408203
297.7812271118165
291.3036956787109
293.5731658935547
297.13758087158203
298.7074279785156
296.74951934814453
296.48131561279286
265.6224594116211
254.9040946960449
297.2627792358399
290.25884246826183
293.0053024291993
298.65428161621094
275.24092102050787
275.2000732421876
277.2327270507813
273.1319961547852
273.0499420166016
274.3915939331055
267.4997329711914
224.8651313781738
99.8399963378906
98.5599975585938
99.1999969482422
99.8399963378906
99.8399963378906
97.2799987792969
99.1999969482422
97.9199981689453
98.5599975585938
99.8399963378906
99.8399963378906
99.8399963378906
99.1999969482422
62.0799980163574
99.1999969482422
212.0475196838379
162.62982463836667
169.61550998687744
117.00432395935059
114.65096855163576
114.51019001007076
117.25050449371336
117.75399017333982
113.26014995574954
116.77244377136229
116.99995136260989
118.30684280395509
112.38951492309575
168.73529481887823
114.35831737518312
116.1103296279907
204.0035896301269
168.80066394805908
115.95817279815677
155.31835746765134
118.39899635314937
268.1201858520507
112.38218641281131
219.5719146728515
207.94886779785162
171.0034790039062
168.76931762695307
115.9755649566651
118.25925064086915
160.4266843795777
165.8757147789001
107.26883792877194
214.2271232604981
118.63876247406009
163.36926841735846
160.47443103790283
152.43078231811523
162.24846172332764
158.96932220458984
187.7764663696289
117.00948429107663
128.03381538391108
121.47686576843263
141.22438621521002
201.38758468627918
117.09495162963866
168.61703777313244
167.69889259338387
165.65093898773185
114.12347793579099
117.04469680786134
116.65101003646848
115.07950496673587
164.29135322570804
122.59884071350095
117.28874397277833
135.38327789306646
147.00984138250357
168.8982524871827
111.61651849746703
109.2105367183685
109.20159626007077
122.56418323516849
115.36957693099973
109.23646360635759
139.95898151397705
129.5834646224976
110.09506398439405
106.39873701334002
194.1698074340821
108.91146415472036
136.69769382476807
157.81363010406494
102.68798726797108
132.326642036438
102.81016218662263
108.19846630096441
108.16820245981222
106.63681399822231
106.23113024234773
103.21647441387178
105.99849325418472
107.93493092060088
109.73299735784532
159.59221410751343
106.2647837400437
127.03853034973147
102.76923030614849
101.53846335411073
106.43510025739666
106.32279902696608
145.9228047132492
104.67658740282063
138.35561460256582
109.99240148067472
109.19521802663805
106.05191200971606
99.37913304567341
95.0251424312592
100.37937045097354
109.6044284701347
108.29743123054506
107.82885676622392
107.91720354557035
107.08787149190906
102.82897400856022
104.65368038415913
100.09539031982419
106.37261956930156
99.97314405441284
104.72796428203581
109.41411674022676
106.19899761676791
109.77974915504453
97.57850563526158
104.99014878273015
92.9725970625878
105.96485823392872
102.82060170173646
103.51234012842178
103.83382040262221
109.46648240089414
167.50362855196
180.34356695413587
162.18867671489707
110.44119656085965
168.9714834690094
105.44519847631457
108.14597207307821
103.91864734888077
157.7171126604081
100.98815715312958
108.81846362352373
106.33690124750137
228.9419174194336
149.09661632776263
108.65580290555951
107.84325665235518
109.46699553728101
107.29339617490766
106.59379768371585
158.67377841472629
158.30991333723068
157.11106735467905
103.8855265378952
146.34878027439112
109.02232837676999
161.73827725648886
157.17954891920095
160.1155478954315
161.60149824619288
165.42519891262054
104.81935214996334
155.7306190729142
156.27105820178983
158.78723341226572
162.81691223382947
161.06943184137347
154.8948165178299
153.36160320043564
107.90438354015352
157.48153078556055
160.4786732792854
166.64595133066177
169.2675792574882
163.47975349426278
115.28332787752151
172.02064204216003
173.5090873837471
166.1412485241889
173.42628961801535
173.3379088044167
168.04139238595957
158.4120940566063
164.37370663881296
173.14600712060926
179.21558785438538
174.52909225225443
176.79448407888407
179.11306512355804
176.43814969062808
181.74804317951202
172.89090645313266
170.9849960207939
248.9046401977538
173.196998000145
175.2643689513206
174.8301638364792
183.88899397850034
174.72068309783933
174.36918598413465
182.97040867805475
179.19241958856583
165.82478219270706
166.96200329065329
161.25274235010139
161.3591935038566
112.12586021423338
116.32304382324222
205.16393756866455
221.6341400146484
153.0848669409752
164.40177118778234
171.6123158931732
177.09077036380768
176.5373464822769
227.4688873291016
152.95091873407367
162.06862026453018
171.5508486032487
293.685806274414
217.5847778320312