0.4 41.32 54.98 37.35 54.98 39.53 0.74 7.19 238 0.73 1010.7
0.43 33.7 52.6 31.03 52.6 29.52 0.67 1.06 202 0.27 1022.58
0.46 30.34 47.28 28.49 46.52 31.17 0.72 0.93 101 0.76 1023.61
0.49 38.83 43.86 29.38 37.04 26.12 0.55 13.52 34 0.77 1025.73
0.52 34.63 44.67 27.3 37.77 24 0.54 11.95 30 0.35 1032.07
0.55 31.47 47.3 24.95 42.32 23 0.55 7.32 50 0.22 1034.14
0.58 25.72 47.71 21.24 43.01 24.41 0.61 5.22 73 0.21 1032.2
0.61 29.28 46.62 25.94 42.8 27.61 0.67 2.96 77 0.42 1029.59
0.64 28.23 53.14 28.23 53.14 28.74 0.66 1.2 147 0.2 1026.56
0.68 31.2 52.23 28.53 52.23 31.52 0.73 1.9 324 0.54 1021.42
0.71 33.57 45.76 30.2 40.66 26.93 0.57 6.75 19 0.73 1022.97
0.75 38.12 45.52 35.82 43.25 29.35 0.62 3.72 30 0.77 1021.01
0.78 37.27 46.76 33.97 46.76 33.05 0.73 1.11 77 0.76 1023.2
0.82 37.08 51.8 34.54 51.8 34.64 0.72 4.01 65 0.57 1028.55
0.85 35.26 53.72 35.26 53.72 37.64 0.75 3.01 66 0.64 1030.8
0.89 36.51 53.79 36.18 53.79 35.21 0.68 4.82 49 0.53 1030.08
0.93 34.23 56.87 33.1 56.87 29.99 0.6 2.01 77 0.26 1025.86
0.97 34.58 54.76 34.58 54.76 28.84 0.58 2.05 83 0.22 1024.56
0.01 30.03 54.42 30.03 54.42 28.99 0.62 1.17 149 0.16 1024.8
0.04 30.88 60.33 29.25 60.33 29.87 0.58 7.65 241 0.12 1017.97
0.08 42.35 57.42 37.24 57.42 35.32 0.6 2.44 326 0.56 1016.72
0.12 40.17 54.28 36.17 54.28 32.71 0.6 5 63 0.44 1018.78
0.15 33.78 59.93 33.78 59.93 36.22 0.68 3 206 0.38 1014.11
0.19 38.74 54.01 35.85 54.01 42.05 0.84 3.41 72 0.71 1008.38
0.22 46.65 65.23 45.49 65.23 47.57 0.81 1.11 151 0.58 1007.12
0.25 45.7 51.31 42.77 51.31 42.77 0.84 2.93 358 0.73 1010.1
0.29 37.95 55.28 37.95 55.28 30.81 0.53 5.44 26 0.4 1016.95
0.32 32.34 59.96 28.5 59.96 31.39 0.57 3.53 218 0.51 1012.49
0.35 46.56 63.72 43.22 63.72 38.74 0.58 6.23 245 0.66 1002.9
0.38 40.82 64.73 37.13 64.73 41.42 0.68 6.28 230 0.5 1007.14
0.41 37.97 52.98 37.97 52.98 37.23 0.68 0.53 359 0.46 1011.91
0.44 30.41 56.6 27.53 56.6 29.77 0.62 5.01 252 0.48 1014.48
0.47 32.87 52.21 32.87 52.21 25.07 0.52 0.67 335 0.25 1019.02
0.5 34.63 46.99 32.12 46.99 32.29 0.73 0.5 280 0.78 1014.44
0.53 38.45 48.23 32.84 43.22 29.29 0.61 10.99 32 0.77 1014.97
0.56 35.68 47.44 28.65 42.23 23.55 0.5 9.48 21 0.4 1020.54
0.59 35.36 47.58 27.62 40.86 25.25 0.54 9.77 15 0.55 1027.91
0.62 34.11 51.37 30.35 51.37 30.1 0.61 2.37 339 0.69 1028.14
0.66 40.38 57.23 40.09 57.23 37.15 0.67 3.04 44 0.58 1030.62
0.69 34.76 66.38 33.76 66.38 36.62 0.63 2.29 192 0.29 1026.81
0.73 46.06 69.9 41.81 69.9 37.92 0.51 8.38 245 0.34 1022.33
0.76 49.14 69.15 49.14 69.15 42.3 0.57 0.57 270 0.44 1027.75
0.8 43.42 74.49 41.31 74.49 41.18 0.55 1.84 250 0.37 1025.53
0.84 48.59 61.5 46.83 61.5 36.59 0.5 3.74 77 0.52 1027.12
0.88 41.99 74.8 41.99 74.8 40.04 0.55 3.38 230 0.28 1021.59
0.91 48.47 77.96 45.23 77.96 39.76 0.44 8.19 243 0.43 1015.31
0.95 53.66 63.29 53.66 63.29 44.14 0.58 10.48 249 0.72 1012.99
0.99 38.39 53.45 38.39 53.45 41.21 0.86 1.34 358 0.86 1018.57
0.03 32.29 52.89 32.29 52.89 32.39 0.69 0.35 216 0.37 1022.98
0.06 33.37 63.24 31.01 63.24 33.91 0.6 0.95 268 0.22 1020.25
0.1 41.99 66.99 40.15 66.99 38.09 0.56 0.45 70 0.27 1022.1
0.13 42.62 71.64 42.62 71.64 37.76 0.52 1.48 150 0.33 1021.36
0.17 46.02 71.12 46.02 71.12 37.46 0.46 1.84 176 0.49 1016.53
0.2 48.15 64.36 48.15 64.36 45.28 0.69 1.71 222 0.54 1016.3
0.23 42.48 70.2 38.73 70.2 45.09 0.68 6.32 233 0.33 1015.55
0.26 51.89 71 51.89 71 46.68 0.6 7.89 246 0.35 1011.67
0.29 51.25 70.91 51.25 70.91 48.14 0.65 4.9 233 0.56 1007.89
0.32 51.38 62.55 51.38 62.55 50.58 0.82 0.68 15 0.74 1005.09
0.35 45.71 61.12 45.71 61.12 38.52 0.59 1.01 100 0.49 1019.2
0.38 40.3 63.25 40.3 63.25 40.08 0.65 1.91 203 0.51 1017.15
0.41 43.38 62.56 40.7 62.56 44.28 0.7 7.48 229 0.67 1012.29
0.44 52.56 71.25 52.56 71.25 51.88 0.76 2.43 257 0.6 1009.12
0.47 53.75 71.11 53.75 71.11 52.37 0.74 2.71 216 0.82 1012.9
0.51 54.52 74.48 54.52 74.48 53.56 0.68 6.5 241 0.6 1013.12
0.54 55.64 78.98 55.64 78.98 53.86 0.62 7.96 240 0.62 1011.73
0.57 60.3 83.57 60.3 82.88 53.4 0.56 2.93 242 0.54 1010.78
0.61 55.1 73.49 55.1 73.49 45.98 0.54 2.69 84 0.34 1017.57
0.64 49.39 75.45 49.39 75.45 45.47 0.55 2.57 112 0.26 1017.03
0.68 50.55 76.94 50.55 76.94 47.06 0.57 1.91 55 0.4 1016.26
0.71 56.08 72.58 56.08 72.58 48.6 0.61 1.03 302 0.53 1022.36
0.75 48.49 70.76 48.49 70.76 39.52 0.51 2.86 46 0.2 1026.47
0.79 44.47 73.69 44.47 73.69 42.36 0.55 2.76 192 0.38 1024.95
0.83 54.6 81.98 54.6 80.84 50.41 0.55 2.48 233 0.49 1016.51
0.87 59.97 76.96 59.97 76.96 51.92 0.58 2.07 282 0.56 1009.29
0.9 56.01 60.3 56.01 60.3 55.63 0.91 4.68 60 0.88 1012.16
0.94 54.3 63.5 54.3 63.5 54.28 0.87 2.39 57 0.92 1020.05
0.98 56.28 70.99 56.28 70.99 55.45 0.78 2.5 83 0.53 1021.33
0.02 53.78 73.16 53.78 73.16 51.52 0.65 3.3 93 0.27 1016.1
0.05 52.36 82.66 52.36 82.39 54.72 0.67 2.64 194 0.3 1008.18
0.08 57.53 77.99 57.53 77.99 56.23 0.7 1.99 183 0.43 1008.22
0.12 51.61 58.81 51.61 58.81 48.54 0.84 3.49 44 0.91 1017.07
0.15 50.58 53.43 50.58 53.43 48.58 0.87 9.86 23 0.91 1015.74
0.18 51.72 56.96 51.72 56.96 50.67 0.88 5.29 16 0.9 1011.98
0.21 51.08 65.35 51.08 65.35 51.25 0.8 2.38 38 0.78 1014.85
0.24 52.82 62.26 52.82 62.26 52.94 0.84 3.21 260 0.8 1012.15
0.27 55.12 67.78 55.12 67.78 52.17 0.75 2.22 312 0.65 1009.76
0.3 51.07 62.02 51.07 62.02 42.15 0.59 4.81 26 0.63 1016.55
0.33 47.54 62.88 47.46 62.88 41.29 0.6 2.07 79 0.48 1019
0.36 43.92 72.64 42.35 72.64 45.31 0.63 2.08 185 0.27 1015.86
0.39 48.75 77.84 48.2 77.84 49.56 0.61 2.21 241 0.35 1013.29
0.42 59 71.02 59 71.02 54.28 0.71 2.38 38 0.54 1018.45
0.45 54.64 79.4 54.64 79.4 55.06 0.68 2.4 181 0.38 1017.43
0.48 57.16 81.43 57.16 80.72 54.9 0.62 1.61 209 0.24 1018.05
0.53 58.7 85.39 58.7 84.53 56.88 0.61 1.87 169 0.23 1020.22
0.56 62.35 85.73 62.35 85.5 58.78 0.61 3.11 52 0.25 1021.65
0.59 60.91 79.46 60.91 79.46 57.54 0.62 3.22 60 0.26 1022.66
0.63 59.23 83 59.23 83.15 58.52 0.64 2.2 121 0.19 1021.85
0.67 60.46 83.88 60.46 82.46 57.23 0.6 3.39 69 0.18 1022.07
0.7 57.38 83.29 57.38 82.22 54.68 0.57 3.16 86 0.21 1018.11
0.74 59.05 82.46 59.05 82.21 58.08 0.67 3.33 69 0.41 1015.73
0.78 60.11 81.14 60.11 81.64 57.78 0.67 2.12 50 0.28 1019.52
0.82 60.84 83.09 60.84 83.53 60.08 0.67 1.98 136 0.3 1017.7
0.85 62.57 86.1 62.57 85.33 59.29 0.63 3.41 205 0.25 1015.01
0.89 64.35 87.7 64.35 86.12 56.21 0.52 8.77 235 0.33 1012.96
0.93 65.56 86.2 65.56 85.81 58.48 0.59 4.66 225 0.56 1011.02
0.96 59.22 79.43 59.22 79.43 59.3 0.71 5.01 252 0.48 1010.83
0.99 59.53 72.47 59.53 72.47 55.22 0.68 4.95 49 0.7 1015.81
0.04 55.64 67.86 55.64 67.86 46.34 0.58 5.86 27 0.64 1018.06
0.07 47.18 72.95 47.18 72.95 45.05 0.54 3.1 38 0.43 1015.85
0.1 55.25 68.02 55.25 68.02 54.01 0.78 0.63 298 0.68 1012.85
0.13 51.1 67.63 51.1 67.63 52.11 0.81 0.34 96 0.81 1015.9
0.16 47.45 66.78 47.07 66.78 47.15 0.7 0.83 262 0.53 1018.5
0.19 48.36 76.84 48.04 76.84 49.23 0.62 4.72 209 0.39 1015.74
0.22 52.35 69.93 52.35 69.93 51.28 0.75 0.96 84 0.79 1012.1
0.25 51.74 64.26 51.74 64.26 50.97 0.81 0.59 204 0.52 1020.79
0.28 48.51 73.47 47.95 73.47 49.11 0.67 0.57 184 0.35 1022.53
0.31 57.11 74.98 57.11 74.98 49.34 0.57 3.6 20 0.3 1019.65
0.34 56.66 78.71 56.66 78.71 54.49 0.68 2.54 279 0.54 1017.07
0.37 58.93 74.34 58.93 74.34 57.79 0.75 0.56 298 0.54 1017.83
0.41 54.55 74.75 54.55 74.75 54.16 0.67 1.11 245 0.5 1021.12
0.44 57.65 78.53 57.65 78.53 57.04 0.67 0.79 187 0.5 1020.94
0.47 61.14 83.4 61.14 82.71 57.7 0.62 2.44 157 0.26 1020.86
0.52 61.72 85.17 61.72 84.33 57.66 0.6 2.5 159 0.27 1021.99
0.55 63.38 85.45 63.38 85.42 60.04 0.62 2.96 108 0.24 1024.5
0.58 62.56 85.07 62.56 83.44 57.2 0.57 1.48 91 0.32 1023.11
0.62 61.12 86.92 61.12 85.51 57.61 0.58 1.67 188 0.19 1019.31
0.66 64.02 91.92 64.02 94.71 64.44 0.64 0.21 194 0.25 1016.68
0.69 70.44 93.66 70.44 97.4 67.32 0.63 3.08 172 0.17 1014.78
0.73 68.41 93.19 68.41 95.66 64.82 0.61 2.16 246 0.33 1008.5
0.77 59.05 70.94 59.05 70.94 55.09 0.73 1.87 77 0.68 1016.69
0.81 56.56 75.33 56.56 75.33 50.73 0.59 2.85 111 0.24 1020.51
0.84 54.85 82.25 54.85 81.25 53.03 0.58 1.95 162 0.18 1017.64
0.88 65.39 87 65.39 85.88 58.87 0.57 1.16 133 0.28 1015.08
0.91 64.47 77.44 64.47 77.44 60.14 0.7 1.97 77 0.65 1015.23
0.95 63 84.48 63 83.78 59.15 0.63 1.57 129 0.33 1016.42
0.98 64.68 87.62 64.68 87.78 61.42 0.6 2.68 98 0.31 1017.01
0.02 68.92 88.72 68.92 90.35 63.87 0.6 2.23 93 0.26 1017.43
0.05 69.14 95.43 69.14 98.55 66.07 0.61 2.69 268 0.25 1015.84
0.08 70.93 91.39 70.93 93.23 65.29 0.59 1.13 47 0.25 1015.63
0.11 69.48 94.71 69.48 97.8 65.98 0.6 2.66 216 0.15 1012.14
0.14 69.9 89.4 69.9 89.88 62.11 0.55 2.22 83 0.22 1012.5
0.17 70.34 92.25 70.34 92.99 63.24 0.56 2.76 108 0.22 1014.49
0.2 69.94 95.54 69.94 96.83 63.07 0.54 2.76 101 0.26 1013.27
0.23 68.89 94.72 68.89 95.62 64.05 0.64 0.7 80 0.38 1010.58
0.26 67.17 85.83 67.17 87.89 66.18 0.73 1.45 38 0.71 1010.91
0.29 65.45 86.36 65.45 88.34 64.89 0.77 1.95 229 0.5 1008.19
0.32 60.17 70 60.17 70 57.06 0.78 2.06 19 0.87 1014.45
0.36 59.84 65.21 59.84 65.21 58.43 0.86 0.46 82 0.87 1008.91
0.39 58.52 74.23 58.52 74.23 59.63 0.81 1.6 91 0.66 1010.23
0.42 61.03 70.64 61.03 70.64 59.35 0.81 3.18 47 0.62 1010.41
0.46 56.89 65.59 56.89 65.59 55.48 0.84 4.24 48 1 1014.58
0.49 56.78 72.03 56.78 72.03 54.81 0.77 0.77 121 0.53 1017.06
0.53 53.45 74.12 53.45 74.12 55.82 0.74 2.23 138 0.45 1017.02
0.57 63.82 82.04 63.82 83.14 62.9 0.74 1.11 45 0.46 1015.95
0.61 63.68 79.95 63.68 79.95 63.87 0.76 1.01 42 0.5 1017.52
0.65 64.53 84.96 64.53 87.37 65.31 0.74 1.48 125 0.25 1015.01
0.68 66.81 86.48 66.81 88.75 65.95 0.71 1.91 41 0.23 1015.65
0.72 67.14 88.64 67.14 90.56 65.85 0.68 0.94 85 0.14 1016.18
0.76 67.97 90.28 67.97 91.44 65.74 0.66 2.05 76 0.15 1016.47
0.79 69.25 90.16 69.25 90.2 63.27 0.6 2.49 85 0.15 1016.73
0.83 66.01 89.81 66.01 88.5 59.38 0.56 2.64 96 0.18 1016.34
0.87 61.66 89.16 61.66 87.47 57.04 0.55 1.46 87 0.26 1014.03
0.9 63.84 90.22 63.84 87.83 57.54 0.55 1.47 52 0.26 1013.15
0.93 64.95 91.68 64.95 89.37 57.64 0.54 0.59 26 0.2 1015.69
0.96 65.58 93.51 65.58 91.89 58.47 0.53 0.64 187 0.13 1014.61
0.99 66.45 93.43 66.45 94.15 61.94 0.58 2.32 131 0.28 1010.21
0.03 67 89.72 67 89.2 61.52 0.63 2.5 230 0.59 1007.79
0.06 62 80.53 62 81.67 60.75 0.75 2.03 231 0.81 1007.3
0.09 63.33 69.76 63.33 69.76 62.52 0.89 1.42 277 0.92 1007.21
0.12 61.95 77.58 61.95 77.58 61.38 0.78 0.2 11 0.6 1011.54
0.15 61.55 71 61.55 71 58.38 0.79 2.76 73 0.9 1014.72
0.18 60.6 66.64 60.6 66.64 57.83 0.83 3.61 17 0.92 1018.84
0.21 55.39 71.44 55.39 71.44 54.76 0.74 2.53 37 0.62 1022.2
0.24 54.15 73.28 54.15 73.28 53.86 0.71 2.61 46 0.44 1019.06
0.27 58.05 72.83 58.05 72.83 57.1 0.77 1.98 129 0.5 1015.93
0.31 56.92 75.89 56.92 75.89 57.31 0.74 2.39 200 0.4 1014.26
0.34 59.72 76.9 59.72 76.9 59.56 0.79 1.7 38 0.7 1016.16
0.38 59.43 73.89 59.43 73.89 57.29 0.75 0.67 145 0.59 1020.94
0.41 58.29 78.69 58.29 78.69 61.07 0.81 2.09 199 0.47 1018.28
0.45 59.63 85.36 59.63 86.39 61.52 0.72 3.86 243 0.28 1017.87
0.48 62.76 87.64 62.76 88.54 62.94 0.7 0.17 208 0.19 1021.4
0.52 63.44 88.24 63.44 90.23 63.3 0.69 1.65 164 0.13 1020.52
0.56 65.36 88.9 65.36 87.54 60.82 0.64 4.84 230 0.17 1016.24
0.6 59.95 89.11 59.95 87.64 55.35 0.57 5.44 236 0.05 1011.85
0.64 64.32 79.93 64.32 79.93 58.71 0.64 1.61 82 0.35 1012.02
0.67 58.69 76.44 58.69 76.44 58.46 0.73 1.61 106 0.55 1013.44
0.71 63.14 73.5 63.14 73.5 59.05 0.76 2.33 73 0.65 1013.52
0.75 56.56 64.51 56.56 64.51 57.32 0.88 2.15 21 0.92 1012.7
0.78 52.79 67.65 52.79 67.65 51.04 0.78 1.06 276 0.58 1018.37
0.82 47.65 66.84 47.65 66.84 43.88 0.67 0.36 342 0.36 1022.44
0.85 45.81 65.83 45.81 65.83 45.59 0.7 1.24 88 0.4 1022.88
0.88 44.83 66 44.83 66 44.84 0.69 2.16 67 0.35 1020.52
0.91 45.45 64.14 45.45 64.14 47.29 0.75 3.49 55 0.58 1019.1
0.94 52.76 64.73 52.76 64.73 52.65 0.83 1.36 119 0.68 1020.58
0.97 47.97 74.32 47.97 74.32 51.39 0.76 1.55 210 0.22 1021.32
0.01 52 76.56 52 76.56 53.87 0.73 2.04 159 0.31 1017.61
0.04 56.21 82 56.21 82.62 57.46 0.72 2.13 158 0.65 1011.52
0.07 60.65 80.42 60.65 82.01 61.59 0.73 4.04 212 0.6 1011.71
0.1 62.32 82.01 62.32 83.82 62.08 0.73 4.72 219 0.54 1010.17
0.13 65.76 88.57 65.76 88.69 61.08 0.63 5.5 229 0.41 1009.11
0.16 62.52 82.31 62.52 82.25 58.51 0.64 0.79 140 0.38 1013.92
0.19 63.12 73.84 63.12 73.84 54.71 0.64 3.6 32 0.5 1017.63
0.22 58.68 68.56 58.68 68.56 54.95 0.77 2.03 30 0.7 1017.02
0.26 48.78 66.94 48.78 66.94 42.73 0.59 3.44 52 0.28 1017.65
0.29 43.79 68.26 43.79 68.26 45.24 0.7 2.06 155 0.42 1011.95
0.33 48.76 73.72 47.46 73.72 49.7 0.7 0.82 108 0.45 1008
0.36 53.78 59.27 53.78 59.27 49.72 0.79 2.77 342 0.93 1014.28
0.4 53.78 56.42 53.78 56.42 53.3 0.95 1.52 251 0.95 1015.69
0.44 53.93 62.78 53.93 62.78 50.26 0.76 3.99 4 0.87 1018.95
0.47 54.25 60.48 54.25 60.48 44.85 0.64 5.39 31 0.8 1024.48
0.51 51.99 58.58 51.99 58.58 42.49 0.62 5.62 32 0.72 1028.3
0.55 49.92 59.53 48.58 59.53 41.29 0.61 6.76 33 0.77 1029.12
0.59 49.75 56.44 47.01 56.44 42.15 0.68 6.57 47 0.75 1029.82
0.62 48.34 59.32 45.92 59.32 43.04 0.68 3.67 59 0.69 1030.05
0.66 48.62 64.35 48.62 64.35 45.98 0.71 2.73 87 0.44 1027.95
0.7 48.7 60.25 47.21 60.25 51.03 0.9 2.98 203 0.62 1023.54
0.73 52.42 69.48 52.42 69.48 54.07 0.83 4.79 232 0.65 1019.62
0.76 52.63 68.74 52.63 68.74 53.41 0.83 1.36 241 0.41 1016.59
0.8 49.5 64.36 47.42 64.36 53.31 0.88 1.76 207 0.64 1012.67
0.83 55.98 60.67 55.98 60.67 55.98 0.93 3.93 56 0.99 1011.24
0.86 54.91 60.23 54.91 60.23 55.07 0.92 1.21 0 0.99 1015.87
0.89 52.34 60.09 52.34 60.09 52.65 0.91 1.57 80 0.94 1019.37
0.92 50.01 54.69 50.01 54.69 49.81 0.91 6.8 53 0.93 1015.24
0.95 43.49 52.68 40.74 52.68 45.47 0.89 8.24 29 1 1008.65
0.98 39.69 52.47 39.69 52.47 39.84 0.78 1.89 107 0.83 1017.48
0.01 43.93 49.65 42.72 48.42 44.05 0.9 3.06 97 0.99 1018.03
0.04 48.73 52.25 46.12 52.25 48.77 0.95 4.01 66 1 1012.92
0.07 48.47 54.15 46.1 54.15 50.31 0.96 1.41 130 1 1011.65
0.11 46.1 58.99 46.1 58.99 50.46 0.91 1.43 185 0.7 1014.7
0.14 44.37 54.8 40.89 54.8 46 0.89 0.97 237 0.64 1018.67
0.17 44.09 55.76 43.38 55.76 47.02 0.9 2.1 209 0.8 1018.12
0.2 45.24 51.32 43.87 51.32 46 0.91 1.56 10 0.85 1015.33
0.24 43.36 54.81 42.16 54.81 42.49 0.82 1.27 259 0.71 1018.1
0.27 38.54 54.18 37.99 54.18 40.85 0.83 0.68 116 0.62 1020.03
0.31 44.07 53.03 40.9 53.03 40.48 0.75 6.16 42 0.65 1017.05
0.35 36.09 53.57 32.87 53.57 40.01 0.83 0.24 178 0.57 1022.65
0.39 43.06 59.79 43.06 59.79 43.28 0.82 1.09 205 0.39 1024.65
0.42 37.31 55.62 37.31 55.62 40.54 0.85 0.95 164 0.49 1024.1
0.46 41.9 61.46 41.9 61.46 45.19 0.82 1.08 136 0.31 1024.88
0.51 42.28 53.84 42.28 53.84 45.33 0.89 2.09 139 0.83 1023.51
0.54 47.6 54.79 47.6 54.79 45.07 0.81 1.43 152 0.83 1020.09
0.57 47.22 54.47 45.73 54.47 46.64 0.86 2.72 74 0.91 1018.78
0.61 39.11 58.65 39.11 58.65 42.15 0.8 1.78 72 0.15 1027.86
0.65 36.34 57.46 36.34 57.46 39.67 0.78 3.63 74 0.27 1035.06
0.68 32.03 52.92 32.03 52.92 31.94 0.68 3.75 58 0.04 1039.05
0.71 28.2 52.54 26.74 52.54 31.99 0.77 1.3 211 0.13 1035.79
0.75 27.61 55.63 25.8 55.63 32.94 0.76 1.31 226 0.2 1028.96
0.78 32.93 62.02 29.63 62.02 37.06 0.73 0.82 242 0.2 1022.42
0.81 35.11 58.07 35.11 58.07 38.13 0.79 0.19 101 0.16 1022.91
0.84 34.28 58.72 34.28 58.72 37.92 0.79 0.38 286 0.06 1026
0.87 36.19 64.46 36.19 64.46 40.35 0.77 1 228 0.29 1028.18
0.9 40.56 67.86 40.56 67.86 44.08 0.76 0.82 215 0.2 1029.28
0.93 40.4 70.56 37.74 70.56 43.77 0.71 1.47 268 0.2 1024.41
0.96 46.25 65.1 45.88 65.1 45.57 0.75 2.7 261 0.49 1023.72
0.98 44.38 69.86 44.38 69.86 45.9 0.73 0.88 119 0.25 1023.99
0.02 40.07 66.85 37.14 66.85 45.07 0.78 1.73 156 0.15 1026.4
0.05 38.48 60.73 38.48 60.73 42.51 0.81 1.44 233 0.14 1027.23
0.09 38.54 55.72 37.88 55.72 41.85 0.83 1.13 75 0.52 1026.59
0.12 42.85 55.61 42.85 55.61 43.17 0.77 4.48 245 0.73 1019.03
0.15 41.12 66.26 41.12 66.26 42.37 0.65 2.25 261 0.28 1017.24
0.19 38.39 63.98 35.94 63.98 40.1 0.7 3.54 252 0.45 1017.69
0.22 47.29 64.1 43.6 64.1 43.77 0.68 7.87 268 0.31 1017.81
0.26 39.87 61.53 35.98 61.53 42.9 0.77 5.82 254 0.24 1019.85
0.3 45.44 61.85 41.57 61.85 43.98 0.68 10.54 237 0.71 1009.83
0.34 33.64 61.34 29.31 61.34 39.49 0.84 1.54 72 1 996.25
0.37 32.12 40.66 31.06 40.66 33.57 0.9 1.05 279 0.83 1004.1
0.41 31.6 40.02 26.15 38.39 32.73 0.89 0.8 218 0.87 1022.16
0.45 34.64 38.92 30.62 36.87 29.85 0.77 2.91 79 0.99 1025.85
0.48 33.19 36.01 29.82 36.01 28.43 0.78 1.85 126 1 1014.65
0.53 32.89 38.39 28.28 31.89 28.5 0.75 4.82 39 0.91 1010.59
0.56 35.18 40.33 29.33 33.25 29.94 0.73 6.49 49 0.8 1016.24
0.59 34.55 43.47 32 39.78 30.75 0.76 2.51 244 0.73 1014.21
0.63 28.01 45.92 28.01 42.81 30.95 0.8 3.14 244 0.5 1022.63
0.66 37.1 51.96 31.38 51.96 33.71 0.67 6.3 259 0.53 1021.84
0.69 40.57 54.2 35.57 54.2 39.79 0.7 7.66 267 0.63 1022.3
0.72 37.34 58.09 37.34 58.09 41.34 0.78 0.5 291 0.29 1029.04
0.75 33.21 46.67 32.22 46.67 37.17 0.9 1.76 195 0.38 1032.82
0.78 37.27 42.47 34.77 42.47 38.59 0.95 1.81 233 0.96 1033.96
0.81 36.61 40.05 33.31 40.05 37.14 0.95 2.34 171 0.68 1037.1
0.84 34.74 40.81 30.78 40.81 36.09 0.95 2.69 241 0.86 1035.01
0.87 32.46 39.1 28.67 39.1 34.1 0.95 0.71 125 0.9 1037.86
0.9 32.39 36.49 29.06 34.21 33.24 0.96 1.79 87 0.92 1038.16
0.93 34.73 39.36 34.73 39.36 34.38 0.9 0.41 248 0.95 1035.5
0.96 33.97 45.88 30.62 43.23 34.67 0.83 1.54 294 0.73 1037.4
0.99 28.64 42.92 22.59 40.02 31.23 0.86 2.9 210 0.39 1033.2
0.03 31.4 37.4 25.71 37.4 31.4 0.9 1.82 204 0.83 1028
0.07 29.66 38.23 24.35 35.25 31.3 0.93 3.29 239 0.41 1023.84
0.1 28.61 44.5 26.29 44.5 32.15 0.9 1.3 126 0.32 1027.06
0.14 33.65 39.1 32.2 39.1 34.19 0.92 1.39 142 0.91 1028.78
0.17 35.85 40.05 31.56 40.05 35.92 0.94 1.32 181 0.9 1032.71
0.21 33.98 36.67 31.27 36.67 33.18 0.9 2.59 188 0.93 1033.77
0.25 32.57 36.77 28.05 33.89 32.15 0.9 2.15 241 0.91 1029.31
0.28 30.57 39.48 30.11 36.47 33.23 0.93 1.03 171 0.46 1029.8
0.32 30.55 35.92 26.03 32.6 32.52 0.96 2.22 188 0.72 1031.71
0.36 29.98 52.39 27.08 52.39 36.8 0.88 4.32 237 0.35 1030.45
0.4 39.08 56.68 35.04 56.68 40.09 0.8 5.09 247 0.23 1032.31
0.43 34.92 56.16 31.47 56.16 38.47 0.81 4.87 267 0.14 1030.92
0.47 33.34 49.15 31.71 48.06 37.02 0.89 2.23 236 0.35 1031.84
0.51 31.73 52.46 28.66 52.46 36.01 0.84 1.58 234 0.11 1034.12
0.54 29.02 50.58 27.84 50.58 32.98 0.82 2.16 203 0.04 1033.93
0.57 27.73 47.62 24.45 47.62 31.08 0.84 1.74 241 0.04 1033
0.6 25.24 43.39 25.24 43.39 28.88 0.84 1.18 185 0.05 1032.84
0.64 24.65 39.32 24.65 36.53 31.14 0.9 3.04 84 0.7 1031.9
0.67 25.99 38.33 21.27 33.46 28.69 0.8 5.33 65 0.61 1036.05
0.7 19.08 32.52 19.08 28 18.81 0.77 1.12 97 0.3 1034.22
0.73 23.43 33.14 23.43 33.14 22.91 0.81 0.55 196 0.52 1029.03
0.76 26.55 33.11 19.02 28.5 26.16 0.87 3.54 80 0.8 1023.19
0.79 19.85 27.09 13.62 17.79 19.62 0.85 6.62 48 0.95 1017.52
0.82 18.6 21.49 9.85 21.49 16.93 0.86 2.36 130 1 1005.36
0.85 18.49 29.7 16.88 29.7 21.87 0.88 1.52 157 0.98 1004.21
0.88 29.24 32.56 24.77 27.99 29.19 0.94 1.54 60 1 1003.65
0.91 26.48 34.6 20 34.6 27.91 0.93 2.44 251 0.46 1004.29
0.94 23.72 35.52 22.58 35.52 29.2 0.96 1.06 205 0.74 1010.19
0.97 32.33 39.93 28.24 39.93 35.04 0.95 2.56 201 0.96 1008.28
0.02 34.02 44.35 28.44 44.35 36.27 0.92 2.09 203 0.66 1004.07
0.05 35.38 59.37 31.08 59.37 39.36 0.76 4.19 219 0.55 998.51
0.08 32.34 51.44 32.34 51.44 36.96 0.82 1.61 227 0.34 1001.29
0.12 28.83 48.54 28.83 48.54 32.79 0.83 0.58 198 0.35 1011.38
0.16 27.26 41.54 27.26 39.88 30.32 0.84 1.01 164 0.51 1016.29
0.19 29.2 39.42 29.2 36.64 33.02 0.9 0.5 248 0.74 1010.11
0.23 27.19 37.16 22.34 30.12 25.61 0.82 3.27 27 0.47 1015.72
0.27 23.47 35.58 19.64 35.58 20.11 0.68 3.3 29 0.4 1016.98
0.31 18.19 31.45 15.94 26.9 16.65 0.69 2.44 31 0.25 1022.33
0.34 14.25 30.53 9.66 30.53 15.15 0.74 1.12 175 0.29 1019.92
0.38 16.09 34.65 10.7 34.65 19.4 0.77 0.93 232 0.47 1018.88
0.41 22.49 38.26 18.46 33.37 21.24 0.75 2.06 65 0.19 1025.6
0.45 19.03 34.27 18.89 30.66 18.11 0.71 1.09 95 0.19 1035.5
0.48 14.93 29.95 14.93 29.95 18.19 0.8 0.68 224 0.49 1034.93
0.52 18.39 42.14 13.89 40.73 23.07 0.79 0.81 207 0.26 1035.77
0.55 27.75 44.39 27.75 44.39 28.9 0.76 0.99 224 0.56 1030.97
0.58 28.85 55.09 28.47 55.09 31.57 0.74 0.91 202 0.27 1028.81
0.61 29.23 57.84 29.23 57.84 33.5 0.74 3.56 236 0.25 1026.88
0.64 39.65 59.73 35.98 59.73 39.96 0.72 7.92 258 0.27 1025.71
0.67 35.07 56.92 34.34 56.92 38.68 0.8 1.7 264 0.3 1029.34
0.7 30.76 52.47 26.2 52.47 38.25 0.84 5.67 231 0.47 1025.4
0.73 44.18 54.25 44.18 54.25 41.62 0.7 6.03 231 0.75 1014.74
0.76 40.31 61.79 37.84 61.79 42.76 0.74 5.22 267 0.49 1019.4
0.79 46.4 58.47 42.75 58.47 44.11 0.73 8.76 239 0.7 1021.7
0.82 35.84 55 31.67 55 42.63 0.75 2.69 254 0.96 1016.06
0.85 33.84 45.74 29.65 45.74 31.77 0.8 2.6 241 0.5 1022.85
0.89 28.04 45.93 28.04 45.93 28.68 0.75 0.52 233 0.32 1027.1
0.92 27.37 52.98 20.81 52.98 30.93 0.73 5.89 237 0.13 1026.95
0.96 39.08 51.83 34.96 51.83 34.26 0.65 5.53 214 0.62 1018.56
0.99 41.29 55.21 41.29 55.21 38.68 0.67 4 203 0.67 1014.89
0.03 49.1 57.07 46.2 57.07 40.92 0.65 8.23 221 0.54 1010.16
0.07 34.47 53.08 30.12 53.08 37.89 0.83 2.71 225 0.76 996.52
0.1 30.63 50.01 29.87 50.01 32.26 0.8 1.21 222 0.2 1008.14
0.14 28.95 38.27 28.42 38.27 31.76 0.9 0.08 166 0.65 1007.16
0.18 35.01 48.53 30.59 45.75 35.76 0.85 2.17 265 0.7 996.28
0.22 34.1 46.84 31.91 46.84 39.11 0.9 1.14 201 0.56 995.34
0.25 38.53 45.31 33.63 41.53 39.87 0.92 2.05 359 0.85 1006.82
0.29 37.67 43.13 30.58 39.43 36.42 0.87 4.16 30 0.99 1027.23
0.33 37.61 41.82 30.94 41.82 37.91 0.93 2.1 65 0.99 1023.77
0.36 36.92 42.92 34.63 42.92 38.53 0.93 1.04 279 0.93 1016.8
0.4 38.82 43.44 30.89 43.44 39.58 0.94 0.46 46 0.95 1017.59
0.43 37.56 43.96 33.97 40.4 35.73 0.84 1.37 182 0.71 1024.45
0.46 39.24 52.7 34.21 52.7 34.74 0.64 7.57 247 0.66 1018.99
0.49 44.37 57.15 39.76 57.15 41.36 0.7 10.7 249 0.65 1015.57
0.53 47.67 59.27 46.96 59.27 44.85 0.72 6.11 244 0.73 1010.11
0.56 32.43 48.14 32.43 48.14 34.07 0.78 1.49 80 0.65 1017.23
0.59 31.16 42.7 31.16 40.19 33.45 0.85 1.22 159 0.75 1013.11
0.62 29.35 40.26 28.91 37.96 31.62 0.83 1.68 49 0.72 1014.83
0.65 27 43.62 27 41.39 30.54 0.82 1.54 126 0.56 1014.15
0.68 33.29 45.16 33.29 45.16 36.7 0.87 0.91 148 0.71 1014.13
0.71 43.51 49.19 38.82 49.19 42.68 0.89 4.17 56 0.78 1009.42
0.74 39.95 46.04 39.95 46.04 41.6 0.91 0.58 209 0.9 1012.52
0.77 37.28 52.44 37.28 52.44 36.99 0.79 1.17 162 0.58 1010.61
0.8 35.66 41.73 29.11 41.73 34.97 0.86 7.73 22 0.84 998.94
0.83 32.81 43.44 27.81 40.34 33.35 0.85 3.41 270 0.73 1004.46
0.87 30.01 53.32 24.87 53.32 32.2 0.69 5.14 190 0.63 1004.74
0.9 39.25 56.09 37.2 56.09 38.17 0.71 2.93 229 0.37 1000.7
0.94 36.83 42.02 34.64 40.05 35.09 0.82 2.23 29 0.97 1003.75
0.98 35.32 46.27 33.32 46.27 35.79 0.82 1.45 62 0.85 1011.04
0.01 37.57 43.69 31.31 43.69 32.02 0.71 4.18 56 0.81 1013.65
0.05 38.91 54.51 36.72 54.51 35.17 0.64 5.49 21 0.74 1011.05
0.09 43 46.66 37.8 43.22 39.17 0.82 5.72 24 0.95 1017.78
0.13 41.7 46.43 37.58 42.39 37.43 0.78 6.2 26 0.9 1022.06
0.16 40.06 45.44 33.65 39.74 36.19 0.76 10.3 30 0.95 1023.58
0.2 31.46 48.77 28.23 44.4 30.97 0.65 7.97 35 0.51 1025.55
0.24 28.34 42.67 26.79 38.77 29.54 0.79 1 307 0.7 1020.81
0.27 33.96 42.87 31.53 42.87 33.48 0.82 4.05 42 0.91 1026.89
0.31 30.51 52.11 30.51 52.11 30.95 0.68 1.75 114 0.18 1027.91
0.34 28.19 58.59 28.19 58.59 31.2 0.67 0.78 220 0.01 1018.27
0.38 32.66 57.88 32.66 57.88 32.77 0.63 2.04 111 0.19 1016.92
0.41 33.93 61.17 33.93 61.17 35.3 0.62 2.5 216 0.16 1016.19
0.44 42.43 47.67 41.11 45.53 37.79 0.74 1.87 80 0.78 1015.47
0.47 39 52.24 37.4 52.24 37.78 0.76 2.36 94 0.71 1011.36
0.5 37.65 45.9 35.12 40.96 34.39 0.78 4.66 60 0.83 1004.79
0.53 34.87 50.58 32.18 50.58 30.14 0.61 5.24 9 0.45 1009.66
0.56 29.38 54.31 29.38 54.31 29.62 0.6 3.16 240 0.6 1016.63
0.59 39.35 51.46 37.06 51.46 37.12 0.7 0.53 253 0.61 1018.38
0.62 39.55 57.67 37.9 57.67 37.39 0.67 1.26 149 0.53 1016.64
0.65 40.5 56.21 40.5 56.21 40.31 0.73 4.53 238 0.72 1013.44
0.68 45.47 61.23 42.28 61.23 42.33 0.66 7.41 244 0.54 1013.09
0.71 42.7 62.95 40.41 62.95 43.64 0.69 7.98 233 0.48 1017.79
0.75 50.46 67.5 50.46 67.5 44.77 0.59 10.53 245 0.48 1016.14
0.78 47.63 72.81 44.06 72.81 45.8 0.62 5.04 256 0.65 1014.47
0.81 45.42 60.17 43.4 60.17 37.1 0.59 3.88 74 0.68 1023.92
0.85 37.73 70.5 37.73 70.5 40.43 0.64 1.48 192 0.4 1019.08
0.89 48.4 72.92 44.99 72.92 42.71 0.53 8.78 241 0.28 1012.79
0.92 53.09 76.4 53.09 76.4 43.63 0.49 7.13 243 0.53 1010.11
0.96 53.83 77.18 53.83 77.18 44.77 0.51 2.32 247 0.35 1009.88
0.01 48.38 72.04 48.38 72.04 46.58 0.6 2.87 81 0.37 1009.45
0.04 48.85 56.68 47.45 56.68 47.15 0.81 3.59 40 0.8 1005.58
0.08 47.04 53.33 46.75 53.33 45.64 0.86 0.54 38 0.99 1004.79
0.11 46.16 56.48 46.16 56.48 43.94 0.79 0.97 150 0.74 1009.96
0.15 43.68 69.47 43.68 69.47 43.53 0.67 1.69 183 0.29 1012.91
0.19 45.83 71.87 44.73 71.87 42.42 0.57 7.63 237 0.19 1011.79
0.22 48.3 70.62 46.08 70.62 43.98 0.56 5.58 238 0.51 1008.67
0.26 44.77 57.31 44.77 57.31 46.58 0.8 2.06 290 0.58 1008.64
0.29 39.57 69.16 37.07 69.16 40.95 0.66 5 217 0.31 1013.53
0.32 47.83 72.15 46.62 72.15 41.03 0.5 9.59 229 0.25 1011.79
0.35 47.6 72.97 42.8 72.97 45.33 0.59 8.56 223 0.45 1011.41
0.39 48.45 62.86 48.45 62.86 47.69 0.71 2.28 72 0.58 1014.71
0.42 42.93 52.63 42.93 52.63 44.1 0.81 1.74 12 0.71 1020.38
0.45 37.22 59.75 37.22 59.75 38.03 0.71 0.03 31 0.3 1026.46
0.48 36 65.3 34.07 65.3 36.7 0.62 2.67 161 0.19 1025.68
0.51 40.09 70.15 36.18 70.15 40.34 0.59 4.45 236 0.47 1015.09
0.54 44.51 64.15 42.56 64.15 44.1 0.68 5.1 226 0.57 1007.01
0.57 40.82 53.23 38.89 53.23 37.81 0.7 4.97 34 0.85 1005.19
0.6 36.54 50.6 33.88 50.6 30.16 0.62 4.04 29 0.6 1008.93
0.63 29.77 59.38 29.77 59.38 30.22 0.59 4.77 219 0.39 1009.78
0.66 34.97 55.18 30.5 55.18 39.07 0.81 0.62 197 0.74 1009.52
0.7 33.27 43.95 29.85 43.95 35.96 0.9 0.62 107 0.89 1018.92
0.73 39.09 55.85 39.09 55.85 38.13 0.76 0.64 90 0.51 1020.78
0.76 35.11 56.37 35.11 56.37 40.51 0.79 2 148 0.45 1019.95
0.8 46.99 53.88 46.87 53.88 47.72 0.89 4.06 58 1 1014.29
0.84 50.12 54.76 50.12 54.76 49.87 0.91 7.69 42 0.99 1013.65
0.87 50.9 61.99 50.9 61.99 47.95 0.78 3.77 7 0.68 1013.13
0.91 47.91 56.12 47.91 56.12 44.55 0.74 5.36 7 0.67 1017.59
0.95 47.57 65.66 45.49 65.66 45.81 0.69 2.58 22 0.52 1021.84
0.98 47.05 68.49 47.05 68.49 48.47 0.73 0.18 240 0.47 1019.3
0.03 45.65 70.72 45.54 70.72 47.05 0.69 0.94 116 0.29 1015.25
0.06 47.43 69.76 47.43 69.76 48.06 0.71 1.57 111 0.43 1015.93
0.1 47.43 70.9 47.43 70.9 49.13 0.71 1.85 202 0.38 1017.99
0.14 55.16 59.45 55.16 59.45 52.64 0.84 1.17 186 0.72 1015.9
0.17 53.62 60.07 53.62 60.07 54.06 0.9 1.46 144 0.92 1010.83
0.21 53.73 59 53.73 59 55.59 0.95 1.25 112 0.88 1001.34
0.24 50.81 62.78 50.81 62.78 49.46 0.76 8.31 221 0.53 998.27
0.27 53.52 64.68 53.52 64.68 52.42 0.87 3.78 249 0.74 1002.99
0.3 43.14 53.92 43.14 53.92 46.22 0.89 0.85 50 0.77 1014.14
0.33 40.37 60.43 40.37 60.43 38.81 0.69 1.74 155 0.45 1019.09
0.36 39.52 60.79 39.52 60.79 40.93 0.69 1.68 88 0.36 1018.26
0.39 45 68.06 45 68.06 43.15 0.64 2.59 252 0.46 1015.02
0.42 48 65.3 45.78 65.3 44.15 0.64 4.28 217 0.64 1011.64
0.45 52.47 67.42 52.47 67.42 50.13 0.72 5.23 27 0.52 1015.85
0.48 46.96 73.89 46.96 73.89 47.94 0.65 1.95 60 0.25 1019.4
0.52 49.64 76.63 49.64 76.63 50.27 0.64 3.02 161 0.17 1017.01
0.55 51.59 76.27 51.59 76.27 51.15 0.66 3.88 235 0.45 1010.1
0.58 49.66 61.04 48.14 61.04 49.95 0.8 2.98 294 0.58 1007.83
0.61 54.27 75.43 54.27 75.43 51.62 0.63 2.24 257 0.38 1010.56
0.65 56.61 75.7 56.61 75.7 54.59 0.67 0.72 173 0.37 1014.89
0.68 55.55 81.05 55.55 80.78 56 0.65 2.9 160 0.3 1015.66
0.71 57.51 83.07 57.51 82.59 56.02 0.61 3.07 212 0.22 1012.9
0.75 61.7 82.7 61.7 82.44 55.48 0.61 4.78 236 0.47 1008.54
0.79 54.7 74.34 54.7 74.34 53.39 0.68 6.22 228 0.28 1009.25
0.83 53.64 75.56 53.64 75.56 49.91 0.6 7.4 229 0.25 1011.79
0.86 55.94 73.09 55.94 73.09 52.33 0.66 5.55 243 0.44 1012.88
0.9 57.18 72.8 57.18 72.8 53.07 0.67 4.61 256 0.53 1010.81
0.94 52.88 74.46 52.88 74.46 53.84 0.7 3.46 250 0.38 1009.9
0.97 54.93 77.56 54.93 77.56 55.41 0.7 2.05 251 0.34 1010.91
0.02 55.88 75.33 55.88 75.33 57.72 0.81 1.57 269 0.51 1013.83
0.05 56.96 75.32 56.96 75.32 57.33 0.78 1.53 335 0.56 1017.49
0.09 55.97 74.85 55.97 74.85 54.41 0.69 1.93 76 0.31 1020.7
0.12 54.3 74.91 54.3 74.91 53.59 0.67 2.1 133 0.46 1018.18
0.16 60.07 74.21 60.07 74.21 55.35 0.68 1.81 44 0.67 1012.7
0.19 59.39 71.24 59.39 71.24 57.45 0.79 1.79 270 0.58 1012.13
0.22 54.94 76.74 54.94 76.74 57.58 0.77 5.59 240 0.61 1010.59
0.25 58.67 65.86 58.67 65.86 58.53 0.87 0.7 254 0.8 1009.83
0.28 58.6 73.46 58.6 73.46 57.69 0.77 1.4 242 0.65 1003.98
0.31 57.04 72.12 57.04 72.12 57.93 0.79 1.59 228 0.54 1001.81
0.34 59.47 72.04 59.47 72.04 57.35 0.76 4.14 225 0.5 1002.93
0.37 56.81 81.16 56.81 81.72 58.66 0.69 2.91 130 0.32 1006.23
0.4 62.68 78.46 62.68 78.46 56.11 0.62 6.93 235 0.47 1008.42
0.43 54.81 78.84 54.81 78.84 52.11 0.61 0.87 202 0.45 1016.31
0.46 56.19 62.84 56.19 62.84 55.99 0.86 1.79 15 0.75 1016.75
0.49 57.5 70.49 57.5 70.49 57.56 0.82 0.72 311 0.63 1017.54
0.53 54.59 77.93 54.59 77.93 58.28 0.75 1.07 159 0.37 1021.93
0.56 59.81 81.07 59.81 82.3 62.26 0.73 2.75 59 0.47 1023.23
0.6 64.94 85.41 64.94 87.62 64.91 0.7 3.61 55 0.34 1021.95
0.63 67.75 89.51 67.75 93.88 67.75 0.69 2.58 72 0.24 1016.95
0.67 69.04 88.16 69.04 93.66 67.16 0.73 0.91 110 0.44 1011.92
0.7 64.63 79.96 64.63 79.96 63.2 0.72 3.05 48 0.57 1014
0.74 61.12 72.6 61.12 72.6 61.12 0.81 3.15 25 0.7 1015.51
0.78 54.91 77.5 54.91 77.5 54.39 0.67 1.96 337 0.22 1017.5
0.82 57.24 82.29 57.24 82.21 57.79 0.66 2.24 202 0.13 1015.97
0.85 61.07 82.83 61.07 83.09 59.67 0.66 2.6 149 0.37 1014.94
0.89 63.01 83.24 63.01 84.35 62.97 0.7 0.81 230 0.3 1016.48
0.93 64.37 85.52 64.37 87.93 65.29 0.72 2.26 208 0.29 1014.06
0.96 61.98 70.09 61.98 70.09 57.06 0.72 3.55 20 0.68 1017.85
0.01 57.94 76.9 57.94 76.9 54.14 0.64 1.68 94 0.33 1021.29
0.04 56.48 81.44 56.48 81.65 57.64 0.66 2.61 128 0.28 1016.48
0.07 64.63 76.54 64.63 76.54 60.76 0.74 0.48 250 0.59 1015.22
0.11 60.07 76.41 60.07 76.41 53.24 0.6 3.02 89 0.42 1020.13
0.14 59.19 80.64 59.19 81.93 58.85 0.66 1.73 125 0.37 1018.68
0.17 65.5 83 65.5 83.61 62.52 0.68 0.52 124 0.47 1016.82
0.2 63.45 86.03 63.45 85.95 61.23 0.63 2.49 137 0.14 1016.94
0.23 65.08 89.64 65.08 91.01 63.29 0.62 2.81 127 0.17 1013.82
0.26 66.4 91.47 66.4 93.71 64.91 0.63 2.85 201 0.19 1010.61
0.29 68.21 84.71 68.21 87.32 65.56 0.71 2.53 111 0.48 1008.86
0.32 61.79 71.76 61.79 71.76 56.99 0.71 2.67 15 0.7 1009.87
0.35 57.08 66.71 57.08 66.71 50.19 0.66 4.98 38 0.75 1018.57
0.38 55.69 62.43 55.69 62.43 50.09 0.75 4.13 327 0.76 1018.18
0.41 55.6 75.11 55.6 75.11 53.98 0.71 1.85 284 0.56 1018.07
0.44 60.07 82.89 60.07 82.6 58.75 0.68 0.76 297 0.44 1018.97
0.48 62.16 81.06 62.16 81.86 60.22 0.69 0.47 168 0.34 1020.09
0.51 62.24 82.57 62.24 83.2 61.99 0.71 1.31 159 0.32 1017.41
0.55 64.44 84.82 64.44 87.11 64.58 0.72 1.92 135 0.29 1015.29
0.58 68.59 82.94 68.59 85.75 67.16 0.75 1.66 78 0.46 1014.31
0.62 65.93 89.03 65.93 89.24 64.43 0.67 2.08 218 0.17 1014.74
0.65 65.69 86.06 65.69 89.11 65.53 0.7 1.24 43 0.37 1015.18
0.69 65.5 80.62 65.5 83.26 65.19 0.8 2.52 62 0.73 1015.91
0.73 62.86 82.05 62.86 83.8 64.48 0.78 0.98 15 0.47 1016.03
0.77 64.67 81.44 64.67 83.59 65.38 0.76 0.76 61 0.43 1014.98
0.81 64.9 78.5 64.9 78.5 64.64 0.81 0.99 23 0.65 1015.22
0.84 65.05 81.05 65.05 82.26 63.75 0.77 1.04 177 0.41 1014.98
0.88 63.17 85.85 63.17 87.62 64.64 0.72 2.49 153 0.21 1014.61
0.92 67.86 88.72 67.86 90.75 66.53 0.69 2.48 213 0.29 1011.79
0.95 64.17 74.66 64.17 74.66 61.82 0.79 0.95 28 0.68 1015.41
0.98 60.03 77.59 60.03 77.59 55.56 0.66 1.27 308 0.44 1017.91
0.02 58.02 81.33 58.02 81.19 56.9 0.65 2.36 159 0.27 1017.05
0.06 60.49 84 60.49 84.01 60.28 0.67 3.12 131 0.15 1014.85
0.09 62.95 88.31 62.95 88.66 61.91 0.66 1.69 237 0.33 1010.94
0.12 59.88 75.03 59.88 75.03 57.62 0.75 1.81 19 0.51 1020.06
0.15 61.15 78.17 61.15 78.17 52.97 0.58 5.61 39 0.27 1024.76
0.18 54.61 79.35 54.61 79.35 54.02 0.65 1.62 91 0.14 1021.61
0.21 55.69 81.29 55.69 81.2 55.9 0.66 1.92 84 0.17 1016.32
0.24 54.78 65.79 54.78 65.79 55.17 0.81 3.82 33 0.87 1015.66
0.27 51.22 63.49 51.22 63.49 49.92 0.77 1.84 37 0.56 1021.69
0.3 45.83 70.81 45.83 70.81 47.9 0.69 0.18 113 0.48 1025.07
0.33 54.68 75.18 54.68 75.18 53.06 0.67 0.91 148 0.39 1025.39
0.36 54.75 80.27 54.75 80.45 56.29 0.69 2.2 182 0.12 1022.83
0.4 59.86 83.18 59.86 83.4 59.65 0.72 1.75 102 0.46 1019.58
0.43 60.66 77.86 60.66 77.86 61.54 0.79 1.53 162 0.39 1016.4
0.46 62.77 70 62.77 70 61.63 0.86 0.66 59 0.64 1011.85
0.5 61.38 74.66 61.38 74.66 61.62 0.82 1.46 170 0.66 1011.58
0.53 61.33 75.37 61.33 75.37 63.15 0.86 0.95 87 0.53 1012.48
0.57 60.43 79.98 60.43 79.98 62.7 0.79 1.81 135 0.36 1015.8
0.61 62.72 74.6 62.72 74.6 61.63 0.82 2.6 28 0.66 1016.02
0.64 56.49 69.68 56.49 69.68 56.08 0.82 1.79 280 0.69 1023.1
0.68 59.92 77.39 59.92 77.39 53.47 0.6 5.36 29 0.32 1024.72
0.72 56.37 78 56.37 78 57 0.7 3.14 30 0.25 1023.88
0.76 57.15 78.66 57.15 78.66 57.31 0.71 3 60 0.24 1021.95
0.79 55.49 80.23 55.49 80.31 56.33 0.68 2.34 86 0.15 1021.38
0.83 58.15 82.4 58.15 82.5 59.36 0.71 1.79 135 0.13 1021.13
0.87 57.65 82.11 57.65 81.93 58.1 0.7 1.62 129 0.03 1018.66
0.9 58.11 83.9 58.11 84.61 59.96 0.71 1.32 45 0.27 1016.29
0.94 61.18 80.33 61.18 80.7 58.06 0.67 2.67 34 0.33 1020.43
0.97 57.34 77.7 57.34 77.7 53.81 0.64 2.15 78 0.17 1022.16
0.01 54.9 80.34 54.9 80.6 55.57 0.67 1.06 172 0.21 1020.71
0.04 59.66 81.08 59.66 81.1 58.65 0.69 0.33 219 0.27 1019.53
0.07 58.96 81.88 58.96 81.99 58.87 0.7 0.91 179 0.31 1018.9
0.1 58.9 83.26 58.9 82.99 58.84 0.69 2.33 178 0.5 1016.24
0.13 58.5 68.54 58.5 68.54 59.07 0.85 0.31 232 0.65 1015.13
0.16 57.56 62.93 57.56 62.93 55.04 0.84 4.16 4 0.66 1019.22
0.19 60.06 75.79 60.06 75.79 59.74 0.77 6 37 0.56 1020.83
0.22 60.55 78.66 60.55 78.66 59.18 0.72 4.06 54 0.24 1015.96
0.25 58.96 81.76 58.96 81.83 58.65 0.69 3.02 41 0.14 1015.15
0.28 60.82 81.79 60.82 81.59 58.7 0.65 3.86 49 0.34 1015.43
0.31 59.17 82.39 59.17 82.43 59.42 0.68 2.86 59 0.29 1016.7
0.34 62.39 83.72 62.39 83.94 61.35 0.71 1.35 116 0.36 1018.75
0.38 59.7 82.35 59.7 82.42 59.63 0.71 1.11 146 0.17 1016.92
0.41 59.34 78.52 59.34 78.52 61.04 0.78 0.22 24 0.27 1015.02
0.45 58.79 79.84 58.79 79.84 60.55 0.78 2.03 192 0.47 1015.75
0.48 59.32 78.38 59.32 78.38 59.93 0.76 4.38 246 0.54 1014.71
0.52 61.21 73.11 61.21 73.11 58.89 0.8 3.82 224 0.57 1010.53
0.56 57.32 70.16 57.32 70.16 57.35 0.86 1.27 171 0.7 1011.27
0.6 57.74 69.23 57.74 69.23 57.39 0.84 2.5 342 0.88 1008.75
0.63 56.1 67.64 56.1 67.64 49.9 0.69 2.37 34 0.67 1013.6
0.67 48.24 62.77 48.24 62.77 44.48 0.64 3.4 40 0.45 1018.12
0.71 43.43 64.82 43.43 64.82 44.87 0.74 0.89 46 0.25 1022.09
0.75 43.1 68.36 41.75 68.36 45.75 0.74 1.1 169 0.2 1025.38
0.78 47.12 70.23 47.12 70.23 47.43 0.72 1.01 152 0.24 1026.68
0.82 45.99 69.9 45.99 69.9 47.85 0.74 1.15 137 0.16 1022.29
0.85 46.63 66.18 46.63 66.18 49.62 0.8 0.54 85 0.34 1021.67
0.89 47.16 69.12 47.16 69.12 47.29 0.73 1.33 123 0.34 1025.21
0.92 44.52 70.27 44.52 70.27 45.37 0.7 1.27 220 0.22 1029.14
0.95 47.02 74.79 46.19 74.79 49.37 0.72 2.86 224 0.31 1025.04
0.98 52 73.72 52 73.72 52.43 0.73 5.83 244 0.21 1018.95
0.02 54.2 75.56 54.2 75.56 52.33 0.69 6.83 236 0.23 1015.37
0.05 54.48 62.17 54.48 62.17 55.01 0.89 1.71 231 0.74 1014.74
0.08 46.07 57.46 46.07 57.46 51.42 0.91 1.17 274 0.72 1021.05
0.11 41.1 60.35 38.15 60.35 44.01 0.8 2.93 298 0.54 1021.87
0.14 38.25 54.82 38.25 54.82 33.28 0.6 2.72 28 0.22 1023.38
0.17 34.46 60.74 31.2 60.74 34.77 0.66 2.76 246 0.37 1016.28
0.2 40.76 54.16 40.76 54.16 40.66 0.79 4.2 46 0.57 1016.71
0.23 34.67 56.91 34.67 56.91 37.68 0.77 1.13 221 0.38 1019.67
0.26 43.13 56.22 42.5 56.22 41.25 0.77 2.1 59 0.6 1022.2
0.29 40.82 47.98 40.22 46.6 40.85 0.86 3.53 36 0.76 1021.17
0.33 42.56 47.13 40.89 43.74 40.36 0.86 3.48 6 0.92 1015.51
0.36 36.48 54.34 33.39 54.34 38.15 0.79 2.42 295 0.59 1014.44
0.4 33.53 55.89 32.42 55.89 39.02 0.83 0.9 172 0.46 1019.21
0.43 46.22 56.83 46.22 56.83 44.36 0.78 2.14 90 0.67 1018.87
0.47 46.25 55.56 45.14 55.56 49.37 0.92 0.78 167 0.76 1017.19
0.51 49.81 63.76 49.81 63.76 52.16 0.88 1.05 294 0.61 1022.02
0.55 45.86 60.53 44.15 60.53 49.67 0.92 1.89 127 0.55 1025.77
0.58 46.5 53.32 45.08 53.32 47.34 0.93 3.49 65 1 1023.41
0.62 46.59 53.37 46.59 53.37 46.22 0.89 1.13 115 0.98 1020.83
0.66 45.34 49.28 40.49 49.28 45.7 0.92 1.41 39 1 1015.81
0.7 43.42 47.67 42.39 47.67 43.85 0.93 1 346 0.91 1015.35
0.73 38.64 48.08 36.2 46.63 40.43 0.93 1.14 196 0.51 1018.29
0.77 39.03 52.71 36.19 52.71 42.29 0.91 2.47 205 0.67 1019.76
0.8 45.93 63.21 42.52 63.21 49.96 0.87 3.47 218 0.54 1021.14
0.83 52.84 71.74 52.84 71.74 56.54 0.84 4.81 234 0.64 1021.04
0.87 52.07 61.27 52.07 61.27 52.24 0.83 3.39 47 0.82 1023.97
0.9 45.36 53.77 42.83 53.77 42.13 0.76 3.4 48 0.66 1030.4
0.93 39.79 54.7 39.79 54.7 39.62 0.78 1.67 49 0.41 1033.97
0.96 37.2 60.01 37.2 60.01 39.05 0.75 0.79 159 0.39 1029.89
0.99 37.85 57.48 37.85 57.48 38.94 0.75 1.01 115 0.37 1027.87
0.03 35.18 54.11 35.18 54.11 36.24 0.75 0.35 263 0.25 1029.16
0.05 32.09 57.34 30.39 57.34 34.35 0.74 1.97 224 0.25 1024.36
0.08 40.52 59.38 36.88 59.38 45.34 0.81 4.06 250 0.7 1014.78
0.11 33.38 47.79 33.38 47.79 39.07 0.86 2.26 110 0.57 1021.48
0.14 30.88 40.8 26.03 40.8 33.65 0.93 1.71 178 0.45 1023.27
0.18 33.55 58.13 30.62 58.13 41.33 0.86 3.46 178 0.7 1011.76
0.21 46.02 61.02 39.6 61.02 52.8 0.87 5.31 205 0.74 998.63
0.24 39.61 47.48 35.75 47.48 39.25 0.86 2.54 58 0.86 1007.15
0.28 36.08 42.06 31.63 42.06 35.74 0.9 4.27 30 0.99 1009.91
0.31 34.29 44.83 33.92 43.73 32.58 0.8 0.99 249 0.65 1010.43
0.35 35.39 49.27 31.73 46.56 35.68 0.82 3.02 232 0.55 1011.51
0.38 37.06 43.6 34.15 39.48 38.44 0.92 1.94 324 0.27 1013.82
0.42 32.82 40.26 29.47 36.91 34.4 0.87 6.55 355 0.88 1015.95
0.46 30.74 40.16 30.74 37.55 29.88 0.84 0.42 110 0.68 1026.67
0.49 26.28 38.96 26.28 38.96 26.57 0.78 1.28 28 0.38 1033.69
0.54 24.68 39.93 24.68 39.93 26.08 0.83 0.96 134 0.5 1034.3
0.57 27.18 42.08 25.2 39.65 29.5 0.77 2.65 226 0.64 1025.61
0.61 37.19 55.64 33.64 55.64 37.14 0.73 6.48 232 0.5 1019.32
0.65 41.2 59.75 37.51 59.75 45.16 0.79 4.71 212 0.59 1016.54
0.68 47.97 63.49 47.97 63.49 48.46 0.81 2.21 154 0.68 1013.68
0.72 46.1 58.69 45.9 58.69 50.12 0.92 2.03 194 0.61 1017.04
0.75 45.98 60.61 45.98 60.61 48.03 0.87 1.62 151 0.41 1018.43
0.78 43.07 63.07 43.07 63.07 46.17 0.84 1.56 150 0.27 1020.34
0.81 43.67 60.11 43.66 60.11 45.86 0.86 1.05 190 0.15 1022.59
0.85 41.68 57.38 39.95 57.38 46.23 0.88 1.45 209 0.5 1020.76
0.88 42.63 54.66 42.63 54.66 45.49 0.87 2.44 99 0.66 1018.43
0.91 44.22 47.65 42.22 46.93 43.14 0.9 2.01 107 0.94 1017.87
0.94 43.82 46.58 41.08 46.58 43.86 0.94 1.69 52 1 1013.93
0.96 30.21 43.15 22.3 38.9 25.71 0.62 5.89 54 0.42 1021.48
0.01 23.51 37.03 21.18 30.93 19.44 0.62 5.67 18 0.16 1031.84
0.03 21.05 40.44 17.54 36.96 18.95 0.65 2.46 253 0.27 1032.25
0.06 27.91 43.95 24.43 41.19 22.81 0.65 1.79 242 0.42 1022.02
0.09 28.09 49.38 22.12 49.38 27.01 0.72 0.43 324 0.37 1015.67
0.12 26.85 41.94 26.85 41.94 25.32 0.71 0.93 87 0.38 1025.88
0.15 22.54 41.28 22.54 39.75 25 0.75 1.63 108 0.42 1030.71
0.19 27.41 38.38 25.32 38.38 28.1 0.77 0.78 120 0.58 1031.49
0.22 24.37 41.91 22.01 41.91 26.56 0.83 0.24 301 0.1 1030.8
0.26 23.45 36.9 23.45 32.95 25.36 0.87 1.25 133 0.16 1039.41
0.29 26 31.54 22.93 27.63 26.11 0.9 2.39 220 0.41 1038.03
0.33 26.38 37.66 21.72 37.66 26.95 0.86 0.93 223 0.46 1031.43
0.37 25.19 41.06 22.36 41.06 26.49 0.83 1.32 203 0.29 1028.27
0.41 25.4 51.05 18.75 51.05 29.48 0.79 3.26 256 0.28 1019.43
0.44 30.77 50.31 29.58 50.31 34.04 0.8 0.94 260 0.47 1020.73
0.48 27.1 38.43 27.1 38.43 22.44 0.63 2.32 79 0.45 1031.22
0.52 24.84 41.97 19.43 41.97 24.63 0.75 1.13 251 0.41 1026.71
0.56 31.4 39.32 31.4 39.32 31.22 0.83 0.67 62 0.84 1030.39
0.59 28.87 37.77 28.87 34.9 28.96 0.78 2.86 64 0.89 1036.47
0.63 24.1 33.99 22.28 31.22 24.8 0.86 1.53 195 0.37 1040.29
0.66 23.71 31.41 19.69 31.41 24.18 0.89 1.05 121 0.68 1036.15
0.7 25.09 29.21 19.38 29.21 26.18 0.95 1.99 113 0.98 1036.32
0.73 26.23 28.66 21.33 28.66 24.41 0.89 2.06 131 0.97 1035.11
0.76 25.84 28.8 20.96 28.8 23.66 0.87 2.39 116 0.98 1036.85
0.79 26.17 29.62 24.29 25.95 23.6 0.83 2.21 145 0.95 1037.5
0.82 26.58 31.36 21.19 27.6 23.2 0.82 0.41 190 0.94 1038.19
0.85 25.89 31.19 22.31 31.19 25.81 0.91 1.14 161 0.93 1033.12
0.88 27.81 33.93 25.91 30.39 27.22 0.86 1.73 202 0.84 1029.02
0.91 28.42 47.57 25.73 47.57 29.64 0.8 1.14 264 0.19 1027.39
0.94 29.73 47.98 25.3 47.23 30.98 0.78 0.92 305 0.34 1031.94
0.97 28.22 37.95 23.59 32.41 28.09 0.79 2.22 2 0.67 1034.3
0.01 21.46 38.17 20.8 31.68 22 0.66 6.04 23 0.14 1039.84
0.04 18.91 36.46 18.91 36.46 19.63 0.75 0.67 344 0.02 1040.19
0.07 17.7 39.26 17.7 37.16 17.35 0.7 1.03 213 0.12 1026.35
0.1 19.51 41.14 10.92 41.14 19.08 0.72 2.75 234 0.08 1021.76
0.13 19.51 47.91 10.92 45.38 24.4 0.76 2.84 240 0.16 1018.74
0.17 20.65 38.12 20.65 38.12 26.49 0.84 0.4 45 0.45 1024.17
0.21 18.44 33.16 13.89 29.64 22.57 0.84 2.81 231 0.54 1013.48
0.24 24.31 35.36 13.73 28.39 20.66 0.74 6.67 11 0.45 1016.09
0.28 16.48 24.93 5.91 15.6 5.49 0.49 10.28 14 0.38 1030.91
0.32 11.4 23.83 5.03 17.89 3.99 0.59 2.19 23 0.19 1033.26
0.35 11.73 22.04 2.72 22.04 12.84 0.8 1.72 239 0.83 1028.63
0.39 16.7 27.05 10.87 27.05 17.63 0.8 1.22 347 0.95 1025.7
0.43 6.9 24.01 3.8 19.57 10.25 0.73 5.45 63 0.38 1022.37
0.46 3.22 23.49 3.22 17.31 6.51 0.71 3.16 222 0.29 1022.8
0.51 18.95 40.37 8.64 35.66 22.53 0.69 6.47 244 0.61 1016.29
0.54 30.68 46.71 23.19 46.71 33.27 0.88 0.35 246 0.89 1001.8
0.57 24.43 37 20.55 32.43 28.96 0.88 3.54 259 0.43 1008.12
0.61 19.63 36.91 19.63 36.91 23.04 0.86 0.7 100 0.35 1019.24
0.64 19.63 31.67 16.09 23.27 21.88 0.8 7.21 40 0.86 1020.23
0.67 26.72 30.69 15.87 21.18 22.25 0.77 11.93 30 0.87 1025.11
0.7 24.45 30.43 14.26 21.77 20.01 0.72 9.67 35 0.81 1032.58
0.74 18.61 30.95 13.53 24.31 17.97 0.7 6.15 53 0.53 1036.72
0.77 13.12 30.91 13.12 30.91 15.35 0.79 1 147 0.08 1038.47
0.8 12.45 27.58 12.45 27.58 15.66 0.81 1.08 133 0.48 1036.19
0.83 15.12 30.99 15.12 27.02 18.36 0.79 1.9 139 0.44 1035.07
0.85 13.51 25.01 13.51 25.01 15.8 0.84 1.88 94 0.88 1029.72
0.88 20.28 23.26 11.82 19.07 18.77 0.86 3.3 55 0.98 1026.93
0.92 21.89 27.89 21.89 27.89 20.75 0.84 0.27 13 1 1031.43
0.95 25.53 31.17 20.32 31.17 22.78 0.82 1.74 78 0.99 1033.97
0.98 17.45 31.25 14.97 31.25 19.72 0.83 1.54 142 0.32 1032.15
0.01 11.51 24.05 11.51 19.32 16.91 0.89 1.2 126 0.56 1028.28
0.05 19.71 25.03 17.05 25.03 19.27 0.9 1.19 150 0.96 1029.65
0.08 20.06 22.46 16.1 22.46 18.53 0.9 1.53 180 0.96 1027.9
0.12 20.15 31.94 16.77 31.94 23.4 0.9 1.76 188 0.97 1022.77
0.15 30.9 38.63 30.36 38.63 33.78 0.94 1.29 183 1 1021.39
0.19 33.8 47.54 28.71 45.29 37.37 0.88 4.2 225 0.85 1020.16
0.23 39.3 53.9 34.89 53.9 40.11 0.8 5.2 228 0.68 1014
0.26 39.07 54.59 36.35 54.59 40.92 0.85 3.73 227 0.71 1008.38
0.3 40.09 51.3 35.83 51.3 39.45 0.83 2.63 239 0.63 1007.56
0.34 37.97 43.97 30.86 39.6 38.76 0.9 7.63 22 1 1007.07
0.38 35.15 39.32 31.1 39.32 32.66 0.83 2.02 29 0.95 1017.21
0.41 29.58 38.11 23.01 32.7 26.12 0.74 4.65 69 0.78 1022.92
0.45 29.57 32.36 23.15 32.36 27.75 0.88 5.17 55 1 1028.31
0.48 30.85 33.61 25.04 28.92 27.84 0.84 4.39 57 1 1028.09
0.52 30.74 36.93 29.39 34.41 28.47 0.81 1.76 114 0.97 1027.89
0.55 32.86 38.75 30.36 38.75 30.17 0.81 2.06 112 0.99 1031.21
0.59 32.05 36.94 28.08 32.23 27.4 0.77 3.37 71 0.93 1035.03
0.62 25.16 42.66 25.16 41.15 25.92 0.77 0.65 242 0.15 1037.25
0.65 24.87 51.1 24.87 51.1 24.93 0.68 0.57 203 0 1037.02
0.68 26.49 51.56 26.49 51.56 25.5 0.65 0.96 116 0.03 1033.56
0.71 26.58 53.11 26.58 53.11 28.96 0.71 0.57 157 0.39 1025.15
0.74 35.47 45.67 35.47 43.51 35.6 0.87 0.23 341 0.74 1025.57
0.77 29.85 47.69 29.85 47.69 32.31 0.79 0.03 79 0.43 1025.65
0.8 28.47 51.06 28.47 51.06 30.5 0.78 1.03 178 0.26 1023.31
0.83 30.86 50.17 27.36 50.17 32.3 0.67 6.75 267 0.66 1016.42
0.86 34.65 55.83 30.48 55.83 36.61 0.74 6.94 250 0.46 1015.78
0.89 42.45 58.3 37.49 58.3 39.58 0.66 12.15 241 0.44 1011.62
0.92 37.48 55.75 34.75 55.75 40.49 0.73 6.06 236 0.75 1008.94
0.96 29.51 47.98 29.51 45.88 30.5 0.74 1.94 88 0.36 1023.81
0.99 26.91 51.22 22.99 51.22 28.09 0.69 1.94 208 0.32 1021.62
0.03 33.84 59.22 30.77 59.22 35.49 0.69 5.52 228 0.54 1015.64
0.06 44.47 59.22 39.91 59.22 37.53 0.57 10.15 216 0.48 1006.56
0.1 32.33 54.41 30.51 54.41 37.01 0.79 3.63 239 0.59 1008.36
0.14 30.12 53.59 27.9 53.59 34.85 0.76 4.72 239 0.46 1015.12
0.17 41.41 58.85 38.61 58.85 38.94 0.71 2.48 116 0.49 1019.48
0.21 37.22 64.32 32.9 64.32 38.19 0.63 5.99 202 0.4 1009.8
0.25 41.5 50.49 37.24 50.49 40.94 0.79 5.15 210 0.64 1009.09
0.29 41.13 50.86 37.95 50.86 39.06 0.79 2.64 206 0.61 1006.2
0.32 41.6 50.32 37.51 50.32 36.82 0.73 7.12 38 0.78 1007.73
0.36 38.27 54.39 35.09 54.39 30.56 0.56 6.59 29 0.38 1020.89
0.4 36.98 59.58 34.96 59.58 33.84 0.61 1.21 199 0.54 1019.49
0.43 40.12 55.05 39.83 55.05 33.41 0.62 6.21 1 0.57 1017.39
0.47 34.77 52.1 34.77 52.1 27.92 0.53 5.6 28 0.3 1022.01
0.5 31 48.59 31 45.08 27.74 0.65 2.95 21 0.35 1019.07
0.53 27.45 52.54 27.45 52.54 27.63 0.64 0.72 253 0.12 1023.99
0.56 30.55 57.89 28.43 57.89 29.25 0.61 0.31 124 0.29 1028.61
0.6 33.17 58.07 33.17 58.07 34.11 0.66 0.26 132 0.39 1028.28
0.63 33.98 60.53 33.98 60.53 33.8 0.63 0.8 222 0.13 1024.65
0.66 34.32 66.91 34.32 66.91 34.37 0.58 2.06 203 0.1 1016.82
0.69 46.02 62.07 43.96 62.07 39.67 0.59 7.9 250 0.67 1008.15
0.71 48.32 59.86 44.88 59.86 41.4 0.65 1.81 227 0.61 1010.86
0.74 49.04 70.03 45.8 70.03 44.21 0.6 5.28 253 0.31 1011.1
0.78 46.05 69.87 43.6 69.87 44.3 0.63 4.09 243 0.33 1010.49
0.81 44.79 68.1 44.6 68.1 44.63 0.67 4.07 244 0.42 1012
0.84 46.03 69.74 45.13 69.74 44.1 0.63 3.33 231 0.52 1016.54
0.87 45.55 70.18 43.53 70.18 42.51 0.6 0.45 318 0.42 1022.18
0.9 41.25 60.01 39.3 60.01 35.63 0.59 2.96 64 0.22 1024.92
0.94 36.1 51.16 33.48 51.16 30.33 0.61 3.31 38 0.4 1021.57
0.97 31.53 55.94 28 55.94 25.91 0.52 4.03 58 0.05 1026.51
0.01 31.22 64.65 31.22 64.65 29.24 0.53 0.88 167 0 1024.82
0.05 36.91 70.74 36.91 70.74 35.84 0.55 0.26 289 0.12 1023.57
0.08 42.16 70 42.16 70 40 0.57 1.59 40 0.31 1025.82
0.12 41.26 69.97 41.26 69.97 41.13 0.6 2.05 123 0.17 1023.69
0.16 43.01 74.06 43.01 74.06 39.35 0.53 2.26 223 0.13 1016.11
0.2 43.81 72.74 41.48 72.74 38.83 0.52 0.89 174 0.2 1016.28
0.23 44.4 73.85 44.4 73.85 38.69 0.5 2.92 51 0.18 1016.82
0.27 51.15 65.15 51.15 65.15 45.02 0.62 3.45 29 0.45 1016.95
0.31 47.18 60.79 47.18 60.79 45.68 0.74 2.43 345 0.68 1017.46
0.34 41.9 56.45 40.47 56.45 39.99 0.68 2.91 37 0.6 1017.54
0.38 36.11 62.03 36.11 62.03 32.74 0.56 1.85 284 0.57 1019.54
0.41 44.36 66.06 44.36 66.06 41.13 0.62 1.2 87 0.44 1021.85
0.45 45.49 67.06 45.49 67.06 42.22 0.61 2.11 122 0.38 1025.35
0.48 42.74 72.99 42.74 72.99 41.89 0.57 1.15 190 0.25 1020.17
0.51 47.83 63.63 47.83 63.63 44.92 0.67 1.56 27 0.62 1018.09
0.54 38.19 61.65 38.19 61.65 38.4 0.65 1.63 126 0.51 1021.01
0.57 44.25 70.48 43.43 70.48 42.93 0.63 0.33 114 0.62 1011.52
0.6 48.55 67.71 46.61 67.71 43.18 0.59 3.54 96 0.42 1014.47
0.63 50.19 57.69 50.19 57.69 47.47 0.81 1.72 71 0.72 1015.39
0.66 47.74 58.01 44.93 58.01 46.97 0.86 2.18 58 0.82 1014.43
0.69 40.78 56.27 40.78 56.27 37.29 0.66 1.37 156 0.58 1015.98
0.72 38.98 47.03 35.72 47.03 37.79 0.81 1.49 42 0.84 1014.29
0.75 35.77 44.65 28.52 40.23 28.51 0.65 6.16 341 0.79 1017.13
0.78 34.83 44.6 26.96 39.3 25.05 0.55 9.87 357 0.81 1024.24
0.82 28.5 51.45 25.07 51.45 24.15 0.53 0.38 303 0.25 1029.23
0.85 32.52 61.24 29.46 61.24 33.58 0.61 3.39 223 0.24 1021.21
0.89 38.39 50.93 36.94 50.93 37.95 0.78 1.01 122 0.81 1020.44
0.92 40.16 61.12 40.16 61.12 40.14 0.69 3.51 199 0.4 1020.42
0.96 45.97 65.03 42.14 65.03 45.63 0.7 10.35 228 0.45 1012.96
0.01 49.77 67.12 47.85 67.12 46.68 0.66 7.97 210 0.76 1009.77
0.04 50.48 64.23 50.48 64.23 50.47 0.78 3.08 180 0.87 1009.36
0.07 44.76 51.97 41.36 51.97 46.92 0.92 3.44 45 0.95 1007.41
0.11 36.21 54.8 35.54 54.8 36.69 0.73 3.38 45 0.43 1017.55
0.15 30.5 57.76 30.5 57.76 35.89 0.72 4.21 73 0.05 1017.75
0.19 40.78 63.96 38.44 63.96 42.62 0.75 3.9 130 0.51 1013.6
0.22 43.84 65.67 43.84 65.67 43.82 0.73 3.97 239 0.72 1015.82
0.26 45.73 64.2 44.47 64.2 45.73 0.67 1.97 14 0.49 1017.74
0.29 48 70.08 48 70.08 46.89 0.69 3.48 216 0.43 1015.45
